	A	T	G	C
-20	0.275	0.274	0.225	0.226
-19	0.275	0.274	0.225	0.226
-18	0.275	0.274	0.225	0.225
-17	0.275	0.274	0.226	0.226
-16	0.275	0.273	0.226	0.226
-15	0.274	0.273	0.227	0.226
-14	0.273	0.273	0.227	0.227
-13	0.273	0.271	0.228	0.228
-12	0.272	0.271	0.228	0.229
-11	0.272	0.272	0.228	0.228
-10	0.271	0.271	0.229	0.229
-9	0.271	0.271	0.23	0.229
-8	0.27	0.27	0.23	0.229
-7	0.269	0.27	0.232	0.229
-6	0.268	0.27	0.233	0.23
-5	0.267	0.269	0.234	0.23
-4	0.266	0.268	0.235	0.231
-3	0.266	0.266	0.238	0.23
-2	0.265	0.261	0.245	0.229
-1	0.261	0.259	0.246	0.234
1	0.258	0.262	0.234	0.246
2	0.26	0.266	0.23	0.245
3	0.265	0.267	0.23	0.238
4	0.267	0.267	0.231	0.235
5	0.268	0.268	0.23	0.234
6	0.269	0.269	0.229	0.233
7	0.269	0.27	0.23	0.232
8	0.269	0.271	0.229	0.231
9	0.27	0.271	0.229	0.23
10	0.271	0.271	0.229	0.229
11	0.271	0.272	0.228	0.229
12	0.271	0.273	0.229	0.228
13	0.271	0.273	0.228	0.228
14	0.272	0.274	0.227	0.227
15	0.272	0.275	0.226	0.227
16	0.272	0.275	0.226	0.227
17	0.273	0.276	0.226	0.226
18	0.273	0.276	0.226	0.225
19	0.273	0.276	0.226	0.225
20	0.274	0.276	0.226	0.224
