	A	T	G	C
-20	0.246	0.243	0.253	0.257
-19	0.244	0.242	0.255	0.259
-18	0.242	0.24	0.258	0.26
-17	0.24	0.239	0.258	0.262
-16	0.238	0.237	0.261	0.264
-15	0.236	0.235	0.263	0.267
-14	0.234	0.232	0.265	0.269
-13	0.231	0.23	0.268	0.271
-12	0.229	0.227	0.272	0.272
-11	0.226	0.226	0.274	0.274
-10	0.224	0.222	0.278	0.276
-9	0.222	0.221	0.281	0.276
-8	0.221	0.219	0.284	0.276
-7	0.22	0.217	0.288	0.274
-6	0.22	0.216	0.292	0.272
-5	0.22	0.216	0.294	0.27
-4	0.221	0.219	0.294	0.266
-3	0.223	0.224	0.291	0.262
-2	0.227	0.226	0.285	0.262
-1	0.227	0.229	0.273	0.271
1	0.227	0.228	0.269	0.276
2	0.225	0.229	0.261	0.286
3	0.222	0.225	0.261	0.292
4	0.218	0.222	0.265	0.294
5	0.216	0.221	0.269	0.294
6	0.216	0.222	0.271	0.292
7	0.216	0.222	0.274	0.288
8	0.217	0.222	0.275	0.285
9	0.22	0.223	0.276	0.28
10	0.222	0.225	0.275	0.278
11	0.224	0.228	0.273	0.275
12	0.226	0.23	0.272	0.272
13	0.228	0.232	0.27	0.27
14	0.23	0.235	0.268	0.266
15	0.233	0.237	0.266	0.264
16	0.235	0.24	0.263	0.262
17	0.237	0.242	0.263	0.259
18	0.239	0.243	0.26	0.257
19	0.24	0.245	0.258	0.256
20	0.242	0.248	0.257	0.253
