	A	T	G	C
-20	0.279	0.279	0.221	0.22
-19	0.28	0.28	0.221	0.219
-18	0.279	0.279	0.223	0.22
-17	0.277	0.281	0.224	0.219
-16	0.279	0.279	0.221	0.222
-15	0.277	0.279	0.222	0.222
-14	0.279	0.277	0.223	0.22
-13	0.279	0.277	0.224	0.22
-12	0.279	0.276	0.224	0.221
-11	0.279	0.276	0.223	0.221
-10	0.278	0.277	0.224	0.22
-9	0.276	0.278	0.224	0.222
-8	0.278	0.278	0.225	0.22
-7	0.278	0.276	0.225	0.221
-6	0.278	0.275	0.227	0.22
-5	0.279	0.272	0.229	0.22
-4	0.282	0.271	0.229	0.218
-3	0.282	0.27	0.229	0.219
-2	0.276	0.261	0.236	0.226
-1	0.264	0.258	0.244	0.235
1	0.258	0.263	0.236	0.242
2	0.262	0.275	0.228	0.235
3	0.27	0.283	0.219	0.228
4	0.273	0.282	0.219	0.226
5	0.275	0.28	0.221	0.224
6	0.274	0.28	0.221	0.225
7	0.278	0.278	0.221	0.223
8	0.276	0.279	0.221	0.223
9	0.279	0.277	0.222	0.223
10	0.279	0.277	0.223	0.22
11	0.279	0.276	0.222	0.223
12	0.279	0.279	0.22	0.222
13	0.278	0.28	0.22	0.222
14	0.281	0.279	0.22	0.22
15	0.281	0.279	0.219	0.221
16	0.281	0.278	0.219	0.222
17	0.281	0.279	0.22	0.221
18	0.277	0.28	0.22	0.223
19	0.278	0.282	0.218	0.223
20	0.279	0.281	0.22	0.22
