	A	T	G	C
-20	0.274	0.275	0.225	0.226
-19	0.274	0.274	0.225	0.226
-18	0.275	0.275	0.225	0.226
-17	0.273	0.275	0.225	0.227
-16	0.273	0.273	0.226	0.228
-15	0.272	0.273	0.227	0.229
-14	0.271	0.272	0.228	0.229
-13	0.271	0.271	0.228	0.23
-12	0.27	0.27	0.23	0.231
-11	0.268	0.268	0.232	0.232
-10	0.266	0.265	0.234	0.235
-9	0.263	0.264	0.236	0.237
-8	0.261	0.261	0.24	0.239
-7	0.257	0.257	0.243	0.244
-6	0.251	0.253	0.248	0.248
-5	0.247	0.246	0.253	0.253
-4	0.239	0.239	0.261	0.26
-3	0.23	0.229	0.271	0.27
-2	0.212	0.212	0.289	0.287
-1	0.19	0.191	0.31	0.31
1	0.188	0.189	0.312	0.311
2	0.19	0.189	0.311	0.309
3	0.191	0.192	0.309	0.309
4	0.199	0.199	0.3	0.303
5	0.207	0.206	0.293	0.293
6	0.218	0.217	0.283	0.282
7	0.226	0.226	0.275	0.274
8	0.233	0.233	0.267	0.267
9	0.24	0.24	0.26	0.26
10	0.245	0.245	0.256	0.254
11	0.25	0.25	0.25	0.25
12	0.253	0.253	0.247	0.246
13	0.257	0.257	0.242	0.244
14	0.259	0.259	0.241	0.241
15	0.26	0.261	0.239	0.24
16	0.262	0.263	0.237	0.237
17	0.264	0.265	0.235	0.236
18	0.266	0.266	0.234	0.234
19	0.268	0.267	0.233	0.232
20	0.267	0.27	0.232	0.231
