	A	T	G	C
-20	0.268	0.274	0.231	0.228
-19	0.267	0.274	0.232	0.227
-18	0.267	0.273	0.231	0.229
-17	0.267	0.273	0.231	0.229
-16	0.265	0.273	0.232	0.23
-15	0.265	0.272	0.232	0.23
-14	0.265	0.272	0.233	0.231
-13	0.265	0.271	0.233	0.231
-12	0.263	0.271	0.234	0.232
-11	0.262	0.269	0.235	0.234
-10	0.261	0.268	0.236	0.234
-9	0.258	0.268	0.237	0.236
-8	0.257	0.265	0.239	0.238
-7	0.255	0.263	0.242	0.241
-6	0.25	0.261	0.245	0.244
-5	0.248	0.259	0.248	0.245
-4	0.243	0.257	0.25	0.249
-3	0.239	0.253	0.255	0.253
-2	0.231	0.249	0.26	0.26
-1	0.246	0.246	0.25	0.258
1	0.221	0.247	0.261	0.271
2	0.229	0.229	0.264	0.278
3	0.232	0.228	0.263	0.276
4	0.239	0.23	0.259	0.271
5	0.246	0.235	0.256	0.264
6	0.251	0.241	0.25	0.258
7	0.256	0.245	0.246	0.253
8	0.261	0.249	0.241	0.249
9	0.264	0.252	0.238	0.246
10	0.266	0.256	0.236	0.243
11	0.268	0.257	0.233	0.241
12	0.27	0.258	0.232	0.24
13	0.271	0.26	0.232	0.238
14	0.271	0.261	0.231	0.238
15	0.273	0.262	0.229	0.236
16	0.273	0.262	0.229	0.236
17	0.274	0.264	0.228	0.235
18	0.274	0.263	0.228	0.234
19	0.275	0.265	0.227	0.233
20	0.276	0.266	0.225	0.233
