	A	T	G	C
-20	0.243	0.244	0.257	0.256
-19	0.242	0.244	0.257	0.257
-18	0.242	0.244	0.257	0.256
-17	0.242	0.244	0.258	0.257
-16	0.242	0.244	0.257	0.257
-15	0.242	0.243	0.258	0.257
-14	0.242	0.242	0.259	0.257
-13	0.242	0.242	0.259	0.258
-12	0.241	0.241	0.26	0.258
-11	0.24	0.241	0.26	0.258
-10	0.239	0.24	0.261	0.26
-9	0.239	0.239	0.262	0.261
-8	0.238	0.238	0.262	0.262
-7	0.237	0.237	0.263	0.263
-6	0.236	0.235	0.265	0.264
-5	0.233	0.234	0.266	0.266
-4	0.231	0.232	0.269	0.268
-3	0.23	0.231	0.27	0.27
-2	0.229	0.229	0.271	0.271
-1	0.226	0.226	0.275	0.273
1	0.226	0.226	0.274	0.274
2	0.228	0.229	0.272	0.271
3	0.23	0.231	0.27	0.27
4	0.231	0.232	0.269	0.268
5	0.233	0.234	0.267	0.266
6	0.234	0.236	0.265	0.264
7	0.236	0.237	0.264	0.264
8	0.237	0.239	0.262	0.262
9	0.238	0.239	0.262	0.261
10	0.239	0.24	0.261	0.26
11	0.239	0.24	0.261	0.26
12	0.24	0.241	0.26	0.259
13	0.241	0.242	0.259	0.259
14	0.242	0.242	0.259	0.258
15	0.241	0.242	0.259	0.258
16	0.242	0.243	0.258	0.257
17	0.242	0.243	0.258	0.257
18	0.243	0.243	0.258	0.256
19	0.243	0.243	0.258	0.256
20	0.243	0.244	0.257	0.256
